____ ____ ____ ____ ____ ____ ____ ____ ____ ____ ____ ____ ____ ____ ____ ____ ____ ____ ____ ____ ____ ____ 
L = 20 : result 
**** **** **** **** **** **** **** **** **** **** **** **** **** **** **** **** **** **** **** **** **** **** 
     [ 0] [ 1] [ 2] [ 3] [ 4] [ 5] [ 6] [ 7] [ 8] [ 9] [10] [11] [12] [13] [14] [15] [16] [17] [18] [19] [20] 
[ 0]   0    0    0    0    0    0    0    0    0    0    0    0    0    0    0    0    0    0    0    0    0   
[ 1]   0    1    2    3    4    5    6    7    8    9   10   11   12   13   14   15   16   17   18   19   20   
[ 2]   0    1    5    6   10   11   15   16   20   21   25   26   30   31   35   36   40   41   45   46   50   
[ 3]   0    1    5    8   10   13   16   18   21   24   26   29   32   34   37   40   42   45   48   50   53   
[ 4]   0    1    5    8   10   13   16   18   21   24   26   29   32   34   37   40   42   45   48   50   53   
[ 5]   0    1    5    8   10   13   16   18   21   24   26   29   32   34   37   40   42   45   48   50   53   
[ 6]   0    1    5    8   10   13   17   18   22   25   27   30   34   35   39   42   44   47   51   52   56   
[ 7]   0    1    5    8   10   13   17   18   22   25   27   30   34   35   39   42   44   47   51   52   56   
[ 8]   0    1    5    8   10   13   17   18   22   25   27   30   34   35   39   42   44   47   51   52   56   
[ 9]   0    1    5    8   10   13   17   18   22   25   27   30   34   35   39   42   44   47   51   52   56   
[10]   0    1    5    8   10   13   17   18   22   25   30   31   35   38   40   43   47   48   52   55   60   

MAXIMUM PRICE IS [ 60 ]

Cutting List = [ 10,10,]

____ ____ ____ ____ ____ ____ ____ ____ ____ ____ ____ ____ ____ ____ ____ ____ ____ ____ ____ ____ ____ 
L = 19 : result 
**** **** **** **** **** **** **** **** **** **** **** **** **** **** **** **** **** **** **** **** **** 
     [ 0] [ 1] [ 2] [ 3] [ 4] [ 5] [ 6] [ 7] [ 8] [ 9] [10] [11] [12] [13] [14] [15] [16] [17] [18] [19] 
[ 0]   0    0    0    0    0    0    0    0    0    0    0    0    0    0    0    0    0    0    0    0   
[ 1]   0    1    2    3    4    5    6    7    8    9   10   11   12   13   14   15   16   17   18   19   
[ 2]   0    1    5    6   10   11   15   16   20   21   25   26   30   31   35   36   40   41   45   46   
[ 3]   0    1    5    8   10   13   16   18   21   24   26   29   32   34   37   40   42   45   48   50   
[ 4]   0    1    5    8   10   13   16   18   21   24   26   29   32   34   37   40   42   45   48   50   
[ 5]   0    1    5    8   10   13   16   18   21   24   26   29   32   34   37   40   42   45   48   50   
[ 6]   0    1    5    8   10   13   17   18   22   25   27   30   34   35   39   42   44   47   51   52   
[ 7]   0    1    5    8   10   13   17   18   22   25   27   30   34   35   39   42   44   47   51   52   
[ 8]   0    1    5    8   10   13   17   18   22   25   27   30   34   35   39   42   44   47   51   52   
[ 9]   0    1    5    8   10   13   17   18   22   25   27   30   34   35   39   42   44   47   51   52   
[10]   0    1    5    8   10   13   17   18   22   25   30   31   35   38   40   43   47   48   52   55   

MAXIMUM PRICE IS [ 55 ]

Cutting List = [ 10, 6, 3,]

____ ____ ____ ____ ____ ____ ____ ____ ____ ____ ____ ____ ____ ____ ____ ____ ____ ____ ____ ____ 
L = 18 : result 
**** **** **** **** **** **** **** **** **** **** **** **** **** **** **** **** **** **** **** **** 
     [ 0] [ 1] [ 2] [ 3] [ 4] [ 5] [ 6] [ 7] [ 8] [ 9] [10] [11] [12] [13] [14] [15] [16] [17] [18] 
[ 0]   0    0    0    0    0    0    0    0    0    0    0    0    0    0    0    0    0    0    0   
[ 1]   0    1    2    3    4    5    6    7    8    9   10   11   12   13   14   15   16   17   18   
[ 2]   0    1    5    6   10   11   15   16   20   21   25   26   30   31   35   36   40   41   45   
[ 3]   0    1    5    8   10   13   16   18   21   24   26   29   32   34   37   40   42   45   48   
[ 4]   0    1    5    8   10   13   16   18   21   24   26   29   32   34   37   40   42   45   48   
[ 5]   0    1    5    8   10   13   16   18   21   24   26   29   32   34   37   40   42   45   48   
[ 6]   0    1    5    8   10   13   17   18   22   25   27   30   34   35   39   42   44   47   51   
[ 7]   0    1    5    8   10   13   17   18   22   25   27   30   34   35   39   42   44   47   51   
[ 8]   0    1    5    8   10   13   17   18   22   25   27   30   34   35   39   42   44   47   51   
[ 9]   0    1    5    8   10   13   17   18   22   25   27   30   34   35   39   42   44   47   51   
[10]   0    1    5    8   10   13   17   18   22   25   30   31   35   38   40   43   47   48   52   

MAXIMUM PRICE IS [ 52 ]

Cutting List = [ 10, 6, 2,]

____ ____ ____ ____ ____ ____ ____ ____ ____ ____ ____ ____ ____ ____ ____ ____ ____ ____ ____ 
L = 17 : result 
**** **** **** **** **** **** **** **** **** **** **** **** **** **** **** **** **** **** **** 
     [ 0] [ 1] [ 2] [ 3] [ 4] [ 5] [ 6] [ 7] [ 8] [ 9] [10] [11] [12] [13] [14] [15] [16] [17] 
[ 0]   0    0    0    0    0    0    0    0    0    0    0    0    0    0    0    0    0    0   
[ 1]   0    1    2    3    4    5    6    7    8    9   10   11   12   13   14   15   16   17   
[ 2]   0    1    5    6   10   11   15   16   20   21   25   26   30   31   35   36   40   41   
[ 3]   0    1    5    8   10   13   16   18   21   24   26   29   32   34   37   40   42   45   
[ 4]   0    1    5    8   10   13   16   18   21   24   26   29   32   34   37   40   42   45   
[ 5]   0    1    5    8   10   13   16   18   21   24   26   29   32   34   37   40   42   45   
[ 6]   0    1    5    8   10   13   17   18   22   25   27   30   34   35   39   42   44   47   
[ 7]   0    1    5    8   10   13   17   18   22   25   27   30   34   35   39   42   44   47   
[ 8]   0    1    5    8   10   13   17   18   22   25   27   30   34   35   39   42   44   47   
[ 9]   0    1    5    8   10   13   17   18   22   25   27   30   34   35   39   42   44   47   
[10]   0    1    5    8   10   13   17   18   22   25   30   31   35   38   40   43   47   48   

MAXIMUM PRICE IS [ 48 ]

Cutting List = [ 10, 3, 2, 2,]

____ ____ ____ ____ ____ ____ ____ ____ ____ ____ ____ ____ ____ ____ ____ ____ ____ ____ 
L = 16 : result 
**** **** **** **** **** **** **** **** **** **** **** **** **** **** **** **** **** **** 
     [ 0] [ 1] [ 2] [ 3] [ 4] [ 5] [ 6] [ 7] [ 8] [ 9] [10] [11] [12] [13] [14] [15] [16] 
[ 0]   0    0    0    0    0    0    0    0    0    0    0    0    0    0    0    0    0   
[ 1]   0    1    2    3    4    5    6    7    8    9   10   11   12   13   14   15   16   
[ 2]   0    1    5    6   10   11   15   16   20   21   25   26   30   31   35   36   40   
[ 3]   0    1    5    8   10   13   16   18   21   24   26   29   32   34   37   40   42   
[ 4]   0    1    5    8   10   13   16   18   21   24   26   29   32   34   37   40   42   
[ 5]   0    1    5    8   10   13   16   18   21   24   26   29   32   34   37   40   42   
[ 6]   0    1    5    8   10   13   17   18   22   25   27   30   34   35   39   42   44   
[ 7]   0    1    5    8   10   13   17   18   22   25   27   30   34   35   39   42   44   
[ 8]   0    1    5    8   10   13   17   18   22   25   27   30   34   35   39   42   44   
[ 9]   0    1    5    8   10   13   17   18   22   25   27   30   34   35   39   42   44   
[10]   0    1    5    8   10   13   17   18   22   25   30   31   35   38   40   43   47   

MAXIMUM PRICE IS [ 47 ]

Cutting List = [ 10, 6,]

____ ____ ____ ____ ____ ____ ____ ____ ____ ____ ____ ____ ____ ____ ____ ____ ____ 
L = 15 : result 
**** **** **** **** **** **** **** **** **** **** **** **** **** **** **** **** **** 
     [ 0] [ 1] [ 2] [ 3] [ 4] [ 5] [ 6] [ 7] [ 8] [ 9] [10] [11] [12] [13] [14] [15] 
[ 0]   0    0    0    0    0    0    0    0    0    0    0    0    0    0    0    0   
[ 1]   0    1    2    3    4    5    6    7    8    9   10   11   12   13   14   15   
[ 2]   0    1    5    6   10   11   15   16   20   21   25   26   30   31   35   36   
[ 3]   0    1    5    8   10   13   16   18   21   24   26   29   32   34   37   40   
[ 4]   0    1    5    8   10   13   16   18   21   24   26   29   32   34   37   40   
[ 5]   0    1    5    8   10   13   16   18   21   24   26   29   32   34   37   40   
[ 6]   0    1    5    8   10   13   17   18   22   25   27   30   34   35   39   42   
[ 7]   0    1    5    8   10   13   17   18   22   25   27   30   34   35   39   42   
[ 8]   0    1    5    8   10   13   17   18   22   25   27   30   34   35   39   42   
[ 9]   0    1    5    8   10   13   17   18   22   25   27   30   34   35   39   42   
[10]   0    1    5    8   10   13   17   18   22   25   30   31   35   38   40   43   

MAXIMUM PRICE IS [ 43 ]

Cutting List = [ 10, 3, 2,]

____ ____ ____ ____ ____ ____ ____ ____ ____ ____ ____ ____ ____ ____ ____ ____ 
L = 14 : result 
**** **** **** **** **** **** **** **** **** **** **** **** **** **** **** **** 
     [ 0] [ 1] [ 2] [ 3] [ 4] [ 5] [ 6] [ 7] [ 8] [ 9] [10] [11] [12] [13] [14] 
[ 0]   0    0    0    0    0    0    0    0    0    0    0    0    0    0    0   
[ 1]   0    1    2    3    4    5    6    7    8    9   10   11   12   13   14   
[ 2]   0    1    5    6   10   11   15   16   20   21   25   26   30   31   35   
[ 3]   0    1    5    8   10   13   16   18   21   24   26   29   32   34   37   
[ 4]   0    1    5    8   10   13   16   18   21   24   26   29   32   34   37   
[ 5]   0    1    5    8   10   13   16   18   21   24   26   29   32   34   37   
[ 6]   0    1    5    8   10   13   17   18   22   25   27   30   34   35   39   
[ 7]   0    1    5    8   10   13   17   18   22   25   27   30   34   35   39   
[ 8]   0    1    5    8   10   13   17   18   22   25   27   30   34   35   39   
[ 9]   0    1    5    8   10   13   17   18   22   25   27   30   34   35   39   
[10]   0    1    5    8   10   13   17   18   22   25   30   31   35   38   40   

MAXIMUM PRICE IS [ 40 ]

Cutting List = [ 10, 2, 2,]

____ ____ ____ ____ ____ ____ ____ ____ ____ ____ ____ ____ ____ ____ ____ 
L = 13 : result 
**** **** **** **** **** **** **** **** **** **** **** **** **** **** **** 
     [ 0] [ 1] [ 2] [ 3] [ 4] [ 5] [ 6] [ 7] [ 8] [ 9] [10] [11] [12] [13] 
[ 0]   0    0    0    0    0    0    0    0    0    0    0    0    0    0   
[ 1]   0    1    2    3    4    5    6    7    8    9   10   11   12   13   
[ 2]   0    1    5    6   10   11   15   16   20   21   25   26   30   31   
[ 3]   0    1    5    8   10   13   16   18   21   24   26   29   32   34   
[ 4]   0    1    5    8   10   13   16   18   21   24   26   29   32   34   
[ 5]   0    1    5    8   10   13   16   18   21   24   26   29   32   34   
[ 6]   0    1    5    8   10   13   17   18   22   25   27   30   34   35   
[ 7]   0    1    5    8   10   13   17   18   22   25   27   30   34   35   
[ 8]   0    1    5    8   10   13   17   18   22   25   27   30   34   35   
[ 9]   0    1    5    8   10   13   17   18   22   25   27   30   34   35   
[10]   0    1    5    8   10   13   17   18   22   25   30   31   35   38   

MAXIMUM PRICE IS [ 38 ]

Cutting List = [ 10, 3,]

____ ____ ____ ____ ____ ____ ____ ____ ____ ____ ____ ____ ____ ____ 
L = 12 : result 
**** **** **** **** **** **** **** **** **** **** **** **** **** **** 
     [ 0] [ 1] [ 2] [ 3] [ 4] [ 5] [ 6] [ 7] [ 8] [ 9] [10] [11] [12] 
[ 0]   0    0    0    0    0    0    0    0    0    0    0    0    0   
[ 1]   0    1    2    3    4    5    6    7    8    9   10   11   12   
[ 2]   0    1    5    6   10   11   15   16   20   21   25   26   30   
[ 3]   0    1    5    8   10   13   16   18   21   24   26   29   32   
[ 4]   0    1    5    8   10   13   16   18   21   24   26   29   32   
[ 5]   0    1    5    8   10   13   16   18   21   24   26   29   32   
[ 6]   0    1    5    8   10   13   17   18   22   25   27   30   34   
[ 7]   0    1    5    8   10   13   17   18   22   25   27   30   34   
[ 8]   0    1    5    8   10   13   17   18   22   25   27   30   34   
[ 9]   0    1    5    8   10   13   17   18   22   25   27   30   34   
[10]   0    1    5    8   10   13   17   18   22   25   30   31   35   

MAXIMUM PRICE IS [ 35 ]

Cutting List = [ 10, 2,]

____ ____ ____ ____ ____ ____ ____ ____ ____ ____ ____ ____ ____ 
L = 11 : result 
**** **** **** **** **** **** **** **** **** **** **** **** **** 
     [ 0] [ 1] [ 2] [ 3] [ 4] [ 5] [ 6] [ 7] [ 8] [ 9] [10] [11] 
[ 0]   0    0    0    0    0    0    0    0    0    0    0    0   
[ 1]   0    1    2    3    4    5    6    7    8    9   10   11   
[ 2]   0    1    5    6   10   11   15   16   20   21   25   26   
[ 3]   0    1    5    8   10   13   16   18   21   24   26   29   
[ 4]   0    1    5    8   10   13   16   18   21   24   26   29   
[ 5]   0    1    5    8   10   13   16   18   21   24   26   29   
[ 6]   0    1    5    8   10   13   17   18   22   25   27   30   
[ 7]   0    1    5    8   10   13   17   18   22   25   27   30   
[ 8]   0    1    5    8   10   13   17   18   22   25   27   30   
[ 9]   0    1    5    8   10   13   17   18   22   25   27   30   
[10]   0    1    5    8   10   13   17   18   22   25   30   31   

MAXIMUM PRICE IS [ 31 ]

Cutting List = [ 10, 1,]

____ ____ ____ ____ ____ ____ ____ ____ ____ ____ ____ ____ 
L = 10 : result 
**** **** **** **** **** **** **** **** **** **** **** **** 
     [ 0] [ 1] [ 2] [ 3] [ 4] [ 5] [ 6] [ 7] [ 8] [ 9] [10] 
[ 0]   0    0    0    0    0    0    0    0    0    0    0   
[ 1]   0    1    2    3    4    5    6    7    8    9   10   
[ 2]   0    1    5    6   10   11   15   16   20   21   25   
[ 3]   0    1    5    8   10   13   16   18   21   24   26   
[ 4]   0    1    5    8   10   13   16   18   21   24   26   
[ 5]   0    1    5    8   10   13   16   18   21   24   26   
[ 6]   0    1    5    8   10   13   17   18   22   25   27   
[ 7]   0    1    5    8   10   13   17   18   22   25   27   
[ 8]   0    1    5    8   10   13   17   18   22   25   27   
[ 9]   0    1    5    8   10   13   17   18   22   25   27   
[10]   0    1    5    8   10   13   17   18   22   25   30   

MAXIMUM PRICE IS [ 30 ]

Cutting List = [ 10,]

____ ____ ____ ____ ____ ____ ____ ____ ____ ____ ____ 
L =  9 : result 
**** **** **** **** **** **** **** **** **** **** **** 
     [ 0] [ 1] [ 2] [ 3] [ 4] [ 5] [ 6] [ 7] [ 8] [ 9] 
[ 0]   0    0    0    0    0    0    0    0    0    0   
[ 1]   0    1    2    3    4    5    6    7    8    9   
[ 2]   0    1    5    6   10   11   15   16   20   21   
[ 3]   0    1    5    8   10   13   16   18   21   24   
[ 4]   0    1    5    8   10   13   16   18   21   24   
[ 5]   0    1    5    8   10   13   16   18   21   24   
[ 6]   0    1    5    8   10   13   17   18   22   25   
[ 7]   0    1    5    8   10   13   17   18   22   25   
[ 8]   0    1    5    8   10   13   17   18   22   25   
[ 9]   0    1    5    8   10   13   17   18   22   25   
[10]   0    1    5    8   10   13   17   18   22   25   

MAXIMUM PRICE IS [ 25 ]

Cutting List = [  6, 3,]

____ ____ ____ ____ ____ ____ ____ ____ ____ ____ 
L =  8 : result 
**** **** **** **** **** **** **** **** **** **** 
     [ 0] [ 1] [ 2] [ 3] [ 4] [ 5] [ 6] [ 7] [ 8] 
[ 0]   0    0    0    0    0    0    0    0    0   
[ 1]   0    1    2    3    4    5    6    7    8   
[ 2]   0    1    5    6   10   11   15   16   20   
[ 3]   0    1    5    8   10   13   16   18   21   
[ 4]   0    1    5    8   10   13   16   18   21   
[ 5]   0    1    5    8   10   13   16   18   21   
[ 6]   0    1    5    8   10   13   17   18   22   
[ 7]   0    1    5    8   10   13   17   18   22   
[ 8]   0    1    5    8   10   13   17   18   22   
[ 9]   0    1    5    8   10   13   17   18   22   
[10]   0    1    5    8   10   13   17   18   22   

MAXIMUM PRICE IS [ 22 ]

Cutting List = [  6, 2,]

____ ____ ____ ____ ____ ____ ____ ____ ____ 
L =  7 : result 
**** **** **** **** **** **** **** **** **** 
     [ 0] [ 1] [ 2] [ 3] [ 4] [ 5] [ 6] [ 7] 
[ 0]   0    0    0    0    0    0    0    0   
[ 1]   0    1    2    3    4    5    6    7   
[ 2]   0    1    5    6   10   11   15   16   
[ 3]   0    1    5    8   10   13   16   18   
[ 4]   0    1    5    8   10   13   16   18   
[ 5]   0    1    5    8   10   13   16   18   
[ 6]   0    1    5    8   10   13   17   18   
[ 7]   0    1    5    8   10   13   17   18   
[ 8]   0    1    5    8   10   13   17   18   
[ 9]   0    1    5    8   10   13   17   18   
[10]   0    1    5    8   10   13   17   18   

MAXIMUM PRICE IS [ 18 ]

Cutting List = [  3, 2, 2,]

____ ____ ____ ____ ____ ____ ____ ____ 
L =  6 : result 
**** **** **** **** **** **** **** **** 
     [ 0] [ 1] [ 2] [ 3] [ 4] [ 5] [ 6] 
[ 0]   0    0    0    0    0    0    0   
[ 1]   0    1    2    3    4    5    6   
[ 2]   0    1    5    6   10   11   15   
[ 3]   0    1    5    8   10   13   16   
[ 4]   0    1    5    8   10   13   16   
[ 5]   0    1    5    8   10   13   16   
[ 6]   0    1    5    8   10   13   17   
[ 7]   0    1    5    8   10   13   17   
[ 8]   0    1    5    8   10   13   17   
[ 9]   0    1    5    8   10   13   17   
[10]   0    1    5    8   10   13   17   

MAXIMUM PRICE IS [ 17 ]

Cutting List = [  6,]

____ ____ ____ ____ ____ ____ ____ 
L =  5 : result 
**** **** **** **** **** **** **** 
     [ 0] [ 1] [ 2] [ 3] [ 4] [ 5] 
[ 0]   0    0    0    0    0    0   
[ 1]   0    1    2    3    4    5   
[ 2]   0    1    5    6   10   11   
[ 3]   0    1    5    8   10   13   
[ 4]   0    1    5    8   10   13   
[ 5]   0    1    5    8   10   13   
[ 6]   0    1    5    8   10   13   
[ 7]   0    1    5    8   10   13   
[ 8]   0    1    5    8   10   13   
[ 9]   0    1    5    8   10   13   
[10]   0    1    5    8   10   13   

MAXIMUM PRICE IS [ 13 ]

Cutting List = [  3, 2,]

____ ____ ____ ____ ____ ____ 
L =  4 : result 
**** **** **** **** **** **** 
     [ 0] [ 1] [ 2] [ 3] [ 4] 
[ 0]   0    0    0    0    0   
[ 1]   0    1    2    3    4   
[ 2]   0    1    5    6   10   
[ 3]   0    1    5    8   10   
[ 4]   0    1    5    8   10   
[ 5]   0    1    5    8   10   
[ 6]   0    1    5    8   10   
[ 7]   0    1    5    8   10   
[ 8]   0    1    5    8   10   
[ 9]   0    1    5    8   10   
[10]   0    1    5    8   10   

MAXIMUM PRICE IS [ 10 ]

Cutting List = [  2, 2,]

____ ____ ____ ____ ____ 
L =  3 : result 
**** **** **** **** **** 
     [ 0] [ 1] [ 2] [ 3] 
[ 0]   0    0    0    0   
[ 1]   0    1    2    3   
[ 2]   0    1    5    6   
[ 3]   0    1    5    8   
[ 4]   0    1    5    8   
[ 5]   0    1    5    8   
[ 6]   0    1    5    8   
[ 7]   0    1    5    8   
[ 8]   0    1    5    8   
[ 9]   0    1    5    8   
[10]   0    1    5    8   

MAXIMUM PRICE IS [  8 ]

Cutting List = [  3,]

____ ____ ____ ____ 
L =  2 : result 
**** **** **** **** 
     [ 0] [ 1] [ 2] 
[ 0]   0    0    0   
[ 1]   0    1    2   
[ 2]   0    1    5   
[ 3]   0    1    5   
[ 4]   0    1    5   
[ 5]   0    1    5   
[ 6]   0    1    5   
[ 7]   0    1    5   
[ 8]   0    1    5   
[ 9]   0    1    5   
[10]   0    1    5   

MAXIMUM PRICE IS [  5 ]

Cutting List = [  2,]

____ ____ ____ 
L =  1 : result 
**** **** **** 
     [ 0] [ 1] 
[ 0]   0    0   
[ 1]   0    1   
[ 2]   0    1   
[ 3]   0    1   
[ 4]   0    1   
[ 5]   0    1   
[ 6]   0    1   
[ 7]   0    1   
[ 8]   0    1   
[ 9]   0    1   
[10]   0    1   

MAXIMUM PRICE IS [  1 ]

Cutting List = [  1,]

