____ ____ ____ ____ ____ ____ ____ ____ ____ ____ ____ ____ 
L = 10 : result 
**** **** **** **** **** **** **** **** **** **** **** **** 
     [ 0] [ 1] [ 2] [ 3] [ 4] [ 5] [ 6] [ 7] [ 8] [ 9] [10] 
[ 0]   0    0    0    0    0    0    0    0    0    0    0   
[ 1]   0    1    2    3    4    5    6    7    8    9   10   
[ 2]   0    1    5    6   10   11   15   16   20   21   25   
[ 3]   0    1    5    8   10   13   16   18   21   24   26   
[ 4]   0    1    5    8   10   13   16   18   21   24   26   
[ 5]   0    1    5    8   10   13   16   18   21   24   26   
[ 6]   0    1    5    8   10   13   17   18   22   25   27   
[ 7]   0    1    5    8   10   13   17   18   22   25   27   
[ 8]   0    1    5    8   10   13   17   18   22   25   27   
[ 9]   0    1    5    8   10   13   17   18   22   25   27   
[10]   0    1    5    8   10   13   17   18   22   25   30   

MAXIMUM PRICE IS [ 30 ]

Cutting List = [ 10,]

____ ____ ____ ____ ____ ____ ____ ____ ____ ____ ____ 
L =  9 : result 
**** **** **** **** **** **** **** **** **** **** **** 
     [ 0] [ 1] [ 2] [ 3] [ 4] [ 5] [ 6] [ 7] [ 8] [ 9] 
[ 0]   0    0    0    0    0    0    0    0    0    0   
[ 1]   0    1    2    3    4    5    6    7    8    9   
[ 2]   0    1    5    6   10   11   15   16   20   21   
[ 3]   0    1    5    8   10   13   16   18   21   24   
[ 4]   0    1    5    8   10   13   16   18   21   24   
[ 5]   0    1    5    8   10   13   16   18   21   24   
[ 6]   0    1    5    8   10   13   17   18   22   25   
[ 7]   0    1    5    8   10   13   17   18   22   25   
[ 8]   0    1    5    8   10   13   17   18   22   25   
[ 9]   0    1    5    8   10   13   17   18   22   25   
[10]   0    1    5    8   10   13   17   18   22   25   

MAXIMUM PRICE IS [ 25 ]

Cutting List = [  6, 3,]

____ ____ ____ ____ ____ ____ ____ ____ ____ ____ 
L =  8 : result 
**** **** **** **** **** **** **** **** **** **** 
     [ 0] [ 1] [ 2] [ 3] [ 4] [ 5] [ 6] [ 7] [ 8] 
[ 0]   0    0    0    0    0    0    0    0    0   
[ 1]   0    1    2    3    4    5    6    7    8   
[ 2]   0    1    5    6   10   11   15   16   20   
[ 3]   0    1    5    8   10   13   16   18   21   
[ 4]   0    1    5    8   10   13   16   18   21   
[ 5]   0    1    5    8   10   13   16   18   21   
[ 6]   0    1    5    8   10   13   17   18   22   
[ 7]   0    1    5    8   10   13   17   18   22   
[ 8]   0    1    5    8   10   13   17   18   22   
[ 9]   0    1    5    8   10   13   17   18   22   
[10]   0    1    5    8   10   13   17   18   22   

MAXIMUM PRICE IS [ 22 ]

Cutting List = [  6, 2,]

____ ____ ____ ____ ____ ____ ____ ____ ____ 
L =  7 : result 
**** **** **** **** **** **** **** **** **** 
     [ 0] [ 1] [ 2] [ 3] [ 4] [ 5] [ 6] [ 7] 
[ 0]   0    0    0    0    0    0    0    0   
[ 1]   0    1    2    3    4    5    6    7   
[ 2]   0    1    5    6   10   11   15   16   
[ 3]   0    1    5    8   10   13   16   18   
[ 4]   0    1    5    8   10   13   16   18   
[ 5]   0    1    5    8   10   13   16   18   
[ 6]   0    1    5    8   10   13   17   18   
[ 7]   0    1    5    8   10   13   17   18   
[ 8]   0    1    5    8   10   13   17   18   
[ 9]   0    1    5    8   10   13   17   18   
[10]   0    1    5    8   10   13   17   18   

MAXIMUM PRICE IS [ 18 ]

Cutting List = [  3, 2, 2,]

____ ____ ____ ____ ____ ____ ____ ____ 
L =  6 : result 
**** **** **** **** **** **** **** **** 
     [ 0] [ 1] [ 2] [ 3] [ 4] [ 5] [ 6] 
[ 0]   0    0    0    0    0    0    0   
[ 1]   0    1    2    3    4    5    6   
[ 2]   0    1    5    6   10   11   15   
[ 3]   0    1    5    8   10   13   16   
[ 4]   0    1    5    8   10   13   16   
[ 5]   0    1    5    8   10   13   16   
[ 6]   0    1    5    8   10   13   17   
[ 7]   0    1    5    8   10   13   17   
[ 8]   0    1    5    8   10   13   17   
[ 9]   0    1    5    8   10   13   17   
[10]   0    1    5    8   10   13   17   

MAXIMUM PRICE IS [ 17 ]

Cutting List = [  6,]

____ ____ ____ ____ ____ ____ ____ 
L =  5 : result 
**** **** **** **** **** **** **** 
     [ 0] [ 1] [ 2] [ 3] [ 4] [ 5] 
[ 0]   0    0    0    0    0    0   
[ 1]   0    1    2    3    4    5   
[ 2]   0    1    5    6   10   11   
[ 3]   0    1    5    8   10   13   
[ 4]   0    1    5    8   10   13   
[ 5]   0    1    5    8   10   13   
[ 6]   0    1    5    8   10   13   
[ 7]   0    1    5    8   10   13   
[ 8]   0    1    5    8   10   13   
[ 9]   0    1    5    8   10   13   
[10]   0    1    5    8   10   13   

MAXIMUM PRICE IS [ 13 ]

Cutting List = [  3, 2,]

____ ____ ____ ____ ____ ____ 
L =  4 : result 
**** **** **** **** **** **** 
     [ 0] [ 1] [ 2] [ 3] [ 4] 
[ 0]   0    0    0    0    0   
[ 1]   0    1    2    3    4   
[ 2]   0    1    5    6   10   
[ 3]   0    1    5    8   10   
[ 4]   0    1    5    8   10   
[ 5]   0    1    5    8   10   
[ 6]   0    1    5    8   10   
[ 7]   0    1    5    8   10   
[ 8]   0    1    5    8   10   
[ 9]   0    1    5    8   10   
[10]   0    1    5    8   10   

MAXIMUM PRICE IS [ 10 ]

Cutting List = [  2, 2,]

____ ____ ____ ____ ____ 
L =  3 : result 
**** **** **** **** **** 
     [ 0] [ 1] [ 2] [ 3] 
[ 0]   0    0    0    0   
[ 1]   0    1    2    3   
[ 2]   0    1    5    6   
[ 3]   0    1    5    8   
[ 4]   0    1    5    8   
[ 5]   0    1    5    8   
[ 6]   0    1    5    8   
[ 7]   0    1    5    8   
[ 8]   0    1    5    8   
[ 9]   0    1    5    8   
[10]   0    1    5    8   

MAXIMUM PRICE IS [  8 ]

Cutting List = [  3,]

____ ____ ____ ____ 
L =  2 : result 
**** **** **** **** 
     [ 0] [ 1] [ 2] 
[ 0]   0    0    0   
[ 1]   0    1    2   
[ 2]   0    1    5   
[ 3]   0    1    5   
[ 4]   0    1    5   
[ 5]   0    1    5   
[ 6]   0    1    5   
[ 7]   0    1    5   
[ 8]   0    1    5   
[ 9]   0    1    5   
[10]   0    1    5   

MAXIMUM PRICE IS [  5 ]

Cutting List = [  2,]

____ ____ ____ 
L =  1 : result 
**** **** **** 
     [ 0] [ 1] 
[ 0]   0    0   
[ 1]   0    1   
[ 2]   0    1   
[ 3]   0    1   
[ 4]   0    1   
[ 5]   0    1   
[ 6]   0    1   
[ 7]   0    1   
[ 8]   0    1   
[ 9]   0    1   
[10]   0    1   

MAXIMUM PRICE IS [  1 ]

Cutting List = [  1,]

